   6.2500000000000000E-002  0.25977620601945972     
  0.18750000000000000       0.25729001092476056     
  0.31250000000000000       0.26019403646597689     
  0.43750000000000000       0.26016909136469230     
  0.56250000000000000       0.25996329427909431     
  0.68750000000000000       0.26042685741129989     
  0.81250000000000000       0.26015246129716924     
  0.93750000000000000       0.25962653541175207     
   1.0625000000000000       0.26012543743744426     
   1.1875000000000000       0.25966395306367901     
   1.3125000000000000       0.25865783397853320     
   1.4375000000000000       0.25918375986395031     
   1.5625000000000000       0.25975541843505590     
   1.6875000000000000       0.25996121552065393     
   1.8125000000000000       0.25843540682541211     
   1.9375000000000000       0.26070541104231137     
   2.0625000000000000       0.26031252569707880     
   2.1875000000000000       0.26059939436185175     
   2.3125000000000000       0.25847074571889861     
   2.4375000000000000       0.25895509643550807     
   2.5625000000000000       0.26027718680359224     
   2.6875000000000000       0.26050585023203449     
   2.8125000000000000       0.25952051873129250     
   2.9375000000000000       0.25911308207697725     
   3.0625000000000000       0.26009425606083847     
   3.1875000000000000       0.26041646361909798     
   3.3125000000000000       0.26161382848075915     
   3.4375000000000000       0.25830652380210828     
   3.5625000000000000       0.25989053773368087     
   3.6875000000000000       0.25953714879881556     
   3.8125000000000000       0.25974918215973475     
   3.9375000000000000       0.25997576682973661     
   4.0625000000000000       0.26105256370185548     
   4.1875000000000000       0.25956625141698098     
   4.3125000000000000       0.26003605082450770     
   4.4375000000000000       0.26059107932809022     
   4.5625000000000000       0.26058692181120946     
   4.6875000000000000       0.26024184791010574     
   4.8125000000000000       0.25990924655964431     
   4.9375000000000000       0.26038320348405186     
