   6.2500000000000000E-002  0.10453660445002753     
  0.18750000000000000       0.10366976218038744     
  0.31250000000000000       0.10427052336965839     
  0.43750000000000000       0.10401067856461040     
  0.56250000000000000       0.10394000077763735     
  0.68750000000000000       0.10453244693314677     
  0.81250000000000000       0.10419776682424495     
  0.93750000000000000       0.10390258312571043     
   1.0625000000000000       0.10385269292314123     
   1.1875000000000000       0.10372173114139703     
   1.3125000000000000       0.10395039456983926     
   1.4375000000000000       0.10378825141148931     
   1.5625000000000000       0.10408135635158346     
   1.6875000000000000       0.10368639224791050     
   1.8125000000000000       0.10365936838818551     
   1.9375000000000000       0.10359700563497400     
   2.0625000000000000       0.10433080736442953     
   2.1875000000000000       0.10386932299066429     
   2.3125000000000000       0.10356998177524901     
   2.4375000000000000       0.10334547586368754     
   2.5625000000000000       0.10381735402965470     
   2.6875000000000000       0.10361779321937784     
   2.8125000000000000       0.10454907700066984     
   2.9375000000000000       0.10418945179048342     
   3.0625000000000000       0.10412085276195075     
   3.1875000000000000       0.10438069756699873     
   3.3125000000000000       0.10358453308433169     
   3.4375000000000000       0.10365313211286437     
   3.5625000000000000       0.10376954258552586     
   3.6875000000000000       0.10446384790461410     
   3.8125000000000000       0.10393168574387580     
   3.9375000000000000       0.10284449507955501     
   4.0625000000000000       0.10407096255938153     
   4.1875000000000000       0.10477981918755246     
   4.3125000000000000       0.10361779321937784     
   4.4375000000000000       0.10389842560882967     
   4.5625000000000000       0.10370925859075472     
   4.6875000000000000       0.10380696023745277     
   4.8125000000000000       0.10386308671534314     
   4.9375000000000000       0.10433496488131029     
