   6.2500000000000000E-002  0.17894617857525871     
  0.18750000000000000       0.18232790280607530     
  0.31250000000000000       0.18158636809522152     
  0.43750000000000000       0.18229297966427685     
  0.56250000000000000       0.18188877663420219     
  0.68750000000000000       0.18156858904121506     
  0.81250000000000000       0.18041608465890374     
  0.93750000000000000       0.18167872040353300     
   1.0625000000000000       0.18127575756346123     
   1.1875000000000000       0.18113561449134225     
   1.3125000000000000       0.18181957707545340     
   1.4375000000000000       0.18189743712347264     
   1.5625000000000000       0.18348013366447885     
   1.6875000000000000       0.18363622717382097     
   1.8125000000000000       0.18177435093779873     
   1.9375000000000000       0.18122519521584787     
   2.0625000000000000       0.18130684185723073     
   2.1875000000000000       0.18235234900533423     
   2.3125000000000000       0.18157139204522513     
   2.4375000000000000       0.18204687598553479     
   2.5625000000000000       0.18194928484194334     
   2.6875000000000000       0.18199816337421090     
   2.8125000000000000       0.18198475060166314     
   2.9375000000000000       0.18162572474225538     
   3.0625000000000000       0.18218987324563382     
   3.1875000000000000       0.18134925594031806     
   3.3125000000000000       0.18174826650918155     
   3.4375000000000000       0.18226493532313567     
