   6.2500000000000000E-002  0.25937417413708946     
  0.18750000000000000       0.26149284473952877     
  0.31250000000000000       0.26224252818346883     
  0.43750000000000000       0.25858840344662437     
  0.56250000000000000       0.26180521284117048     
  0.68750000000000000       0.25962604406884798     
  0.81250000000000000       0.25916732168182172     
  0.93750000000000000       0.25823606774936886     
   1.0625000000000000       0.26146648119130839     
   1.1875000000000000       0.26019119184916373     
   1.3125000000000000       0.25886778858101195     
   1.4375000000000000       0.26048133895859826     
   1.5625000000000000       0.26068123092413281     
   1.6875000000000000       0.26031429649130577     
   1.8125000000000000       0.26048970759752504     
   1.9375000000000000       0.25996167150637628     
   2.0625000000000000       0.25912353886185918     
   2.1875000000000000       0.25928453807314017     
   2.3125000000000000       0.25962193967011904     
   2.4375000000000000       0.25958938426731754     
   2.5625000000000000       0.25977862954759268     
   2.6875000000000000       0.26014356614477319     
   2.8125000000000000       0.25962135237404071     
   2.9375000000000000       0.26020205074319808     
   3.0625000000000000       0.26046427506322684     
   3.1875000000000000       0.25960425601246750     
   3.3125000000000000       0.25930575552910068     
   3.4375000000000000       0.25950084989688565     
