   6.2500000000000000E-002  0.10332593553434793     
  0.18750000000000000       0.10431736472651504     
  0.31250000000000000       0.10349705892916032     
  0.43750000000000000       0.10384978266132468     
  0.56250000000000000       0.10505075070428248     
  0.68750000000000000       0.10311480926802093     
  0.81250000000000000       0.10312848546341054     
  0.93750000000000000       0.10359755997055810     
   1.0625000000000000       0.10371180201284649     
   1.1875000000000000       0.10426518424271676     
   1.3125000000000000       0.10331041413799305     
   1.4375000000000000       0.10431795521441983     
   1.5625000000000000       0.10368773928337988     
   1.6875000000000000       0.10320219551340774     
   1.8125000000000000       0.10376428117623193     
   1.9375000000000000       0.10365845641674069     
   2.0625000000000000       0.10368892455364698     
   2.1875000000000000       0.10357621805057017     
   2.3125000000000000       0.10409125573637254     
   2.4375000000000000       0.10457436323154466     
   2.5625000000000000       0.10398479041681381     
   2.6875000000000000       0.10451034441317135     
   2.8125000000000000       0.10421957992947938     
   2.9375000000000000       0.10408706188006875     
   3.0625000000000000       0.10356125098979939     
   3.1875000000000000       0.10401538226508138     
   3.3125000000000000       0.10412774012010417     
   3.4375000000000000       0.10407339659653718     
