   6.2500000000000000E-002  0.18236532045800222     
  0.18750000000000000       0.18180197692065816     
  0.31250000000000000       0.18123239710799297     
  0.43750000000000000       0.18191630863487929     
  0.56250000000000000       0.18200985276469656     
  0.68750000000000000       0.18170219651551975     
  0.81250000000000000       0.18177911057781396     
  0.93750000000000000       0.18166477886359284     
   1.0625000000000000       0.18163567624542745     
   1.1875000000000000       0.18286630124213474     
   1.3125000000000000       0.18171882658304281     
   1.4375000000000000       0.18253993616699446     
   1.5625000000000000       0.18157747100909671     
   1.6875000000000000       0.18333402189122114     
   1.8125000000000000       0.18257527506048099     
   1.9375000000000000       0.18212418447891768     
   2.0625000000000000       0.18245886458781949     
   2.1875000000000000       0.18150055694680250     
   2.3125000000000000       0.18071478625633738     
   2.4375000000000000       0.18151510825588518     
   2.5625000000000000       0.18210755441139462     
   2.6875000000000000       0.18309496467057698     
   2.8125000000000000       0.18152965956496789     
   2.9375000000000000       0.18131762620404870     
   3.0625000000000000       0.18069399867193353     
   3.1875000000000000       0.18208468806855038     
   3.3125000000000000       0.18172922037524475     
   3.4375000000000000       0.18136335888973718     
   3.5625000000000000       0.18147353308707750     
   3.6875000000000000       0.18192046615176005     
   3.8125000000000000       0.18113469546129493     
   3.9375000000000000       0.18129268110276411     
   4.0625000000000000       0.18117003435478146     
   4.1875000000000000       0.18387657784416134     
   4.3125000000000000       0.18288293130965783     
   4.4375000000000000       0.18133009875469103     
   4.5625000000000000       0.18282680483176744     
   4.6875000000000000       0.18113053794441417     
   4.8125000000000000       0.18176455926873125     
   4.9375000000000000       0.18189759980891584     
