   6.2500000000000000E-002   2.6768588188512063E-002
  0.18750000000000000        2.5070935462198511E-002
  0.31250000000000000        2.6157433207039182E-002
  0.43750000000000000        2.6046843258010759E-002
  0.56250000000000000        2.6614667674659632E-002
  0.68750000000000000        2.6501902378414804E-002
  0.81250000000000000        2.5872227549018505E-002
  0.93750000000000000        2.6203609361194913E-002
   1.0625000000000000        2.6260490713718925E-002
   1.1875000000000000        2.5807895445705571E-002
   1.3125000000000000        2.5685970792760103E-002
   1.4375000000000000        2.5728738988150958E-002
   1.5625000000000000        2.5935787667091689E-002
   1.6875000000000000        2.6060855629720013E-002
   1.8125000000000000        2.5936855432116792E-002
   1.9375000000000000        2.6225777420021096E-002
   2.0625000000000000        2.6408068482269478E-002
   2.1875000000000000        2.5922284052262955E-002
   2.3125000000000000        2.5903060593128854E-002
   2.4375000000000000        2.5943267786181168E-002
   2.5625000000000000        2.5964646107192454E-002
   2.6875000000000000        2.6079735984588372E-002
   2.8125000000000000        2.6025242648083570E-002
   2.9375000000000000        2.5898234143974797E-002
   3.0625000000000000        2.6082597903185362E-002
   3.1875000000000000        2.5873026444419123E-002
   3.3125000000000000        2.5663127983030304E-002
   3.4375000000000000        2.6002607278399387E-002
