   6.2500000000000000E-002   2.5996953055441543E-002
  0.18750000000000000        2.5751659559476239E-002
  0.31250000000000000        2.6323318130581821E-002
  0.43750000000000000        2.5972007954156936E-002
  0.56250000000000000        2.5859754998376203E-002
  0.68750000000000000        2.5818179829568525E-002
  0.81250000000000000        2.5807786037366606E-002
  0.93750000000000000        2.6379444608472188E-002
   1.0625000000000000        2.6306688063058751E-002
   1.1875000000000000        2.6067630842414598E-002
   1.3125000000000000        2.5816101071128143E-002
   1.4375000000000000        2.6263034135810687E-002
   1.5625000000000000        2.5893015133422348E-002
   1.6875000000000000        2.5487657237547479E-002
   1.8125000000000000        2.5789077211403149E-002
   1.9375000000000000        2.6078024634616517E-002
   2.0625000000000000        2.5899251408743499E-002
   2.1875000000000000        2.6260955377370304E-002
   2.3125000000000000        2.5631091569933970E-002
   2.4375000000000000        2.6030213190487688E-002
   2.5625000000000000        2.6123757320304964E-002
   2.6875000000000000        2.6304609304618368E-002
   2.8125000000000000        2.5824416104889676E-002
   2.9375000000000000        2.5809864795806988E-002
   3.0625000000000000        2.6063473325533829E-002
   3.1875000000000000        2.5851439964614670E-002
   3.3125000000000000        2.6129993595626115E-002
   3.4375000000000000        2.6514563907097145E-002
   3.5625000000000000        2.5865991273697354E-002
   3.6875000000000000        2.5718399424430095E-002
   3.8125000000000000        2.5978244229478087E-002
   3.9375000000000000        2.5705926873787793E-002
   4.0625000000000000        2.6042685741129990E-002
   4.1875000000000000        2.6003189330762694E-002
   4.3125000000000000        2.5645642879016658E-002
   4.4375000000000000        2.6225616483883777E-002
   4.5625000000000000        2.6030213190487688E-002
   4.6875000000000000        2.6113363528103044E-002
   4.8125000000000000        2.6067630842414598E-002
   4.9375000000000000        2.5928354026908875E-002
