   5.0000000000000003E-002   1.8992489875632842E-002
  0.15000000000000002        1.6127700899978725E-002
  0.25000000000000000        1.7719250330897687E-002
  0.35000000000000003        1.6703690217835101E-002
  0.45000000000000001        1.7507043740108495E-002
  0.54999999999999993        1.7082630558530102E-002
  0.64999999999999991        1.6984689055088941E-002
  0.75000000000000000        1.6530893422478175E-002
  0.84999999999999998        1.6733113820759669E-002
  0.94999999999999996        1.7071461790593833E-002
   1.0500000000000000        1.7128103399413484E-002
   1.1499999999999999        1.7087243745286404E-002
   1.2500000000000000        1.6607287795162289E-002
   1.3499999999999999        1.7027614034992190E-002
   1.4500000000000000        1.7565583489291700E-002
   1.5500000000000000        1.7140816236649689E-002
   1.6499999999999999        1.7021540782393860E-002
   1.7500000000000000        1.6815856558680804E-002
   1.8499999999999999        1.6922041787122075E-002
   1.9500000000000000        1.7025498014856082E-002
   2.0500000000000003        1.6968763607374919E-002
   2.1500000000000004        1.7149253557963894E-002
   2.2500000000000000        1.6846845457653279E-002
   2.3500000000000001        1.6791410875425756E-002
   2.4500000000000002        1.6840108740485298E-002
