   2.5000000000000001E-002   5.0426573574202486E-003
   7.5000000000000011E-002   5.3444622865426580E-003
  0.12500000000000000        5.3287432798175324E-003
  0.17500000000000002        5.3193118757824571E-003
  0.22500000000000001        5.2564358488819555E-003
  0.27499999999999997        5.2721548556070811E-003
  0.32499999999999996        5.0835267749055751E-003
  0.37500000000000000        5.3413184851976324E-003
  0.42499999999999999        5.3130242730924067E-003
  0.47499999999999998        5.1872722192914033E-003
  0.52500000000000002        5.2470044448468802E-003
  0.57499999999999996        5.2721548556070811E-003
  0.62500000000000000        5.3759002999929084E-003
  0.67499999999999993        5.1558342058411520E-003
  0.72499999999999998        5.3759002999929084E-003
  0.77500000000000002        5.2501482461919050E-003
  0.82499999999999996        5.3004490677123067E-003
  0.87500000000000000        5.3381746838526076E-003
  0.92499999999999993        5.2564358488819555E-003
  0.97499999999999998        5.2470044448468802E-003
   1.0250000000000001        5.2124226300516042E-003
   1.0750000000000002        5.3444622865426580E-003
   1.1250000000000000        5.0740953708704999E-003
   1.1750000000000000        5.2878738623322059E-003
   1.2250000000000001        5.2438606435018546E-003
   1.2750000000000001        5.2532920475369298E-003
   1.3250000000000002        5.0615201654903999E-003
   1.3750000000000000        5.2187102327416537E-003
   1.4250000000000000        5.0898143775956256E-003
   1.4750000000000001        5.1652656098762273E-003
   1.5250000000000001        5.3538936905777332E-003
   1.5750000000000002        5.4859333470687870E-003
   1.6250000000000000        5.2973052663672811E-003
   1.6750000000000000        5.0709515695254751E-003
   1.7250000000000001        5.1778408152563281E-003
   1.7750000000000001        5.1872722192914033E-003
   1.8250000000000002        5.1589780071861777E-003
   1.8750000000000000        5.1715532125662777E-003
   1.9250000000000000        5.1023895829757256E-003
   1.9750000000000001        5.3004490677123067E-003
   2.0249999999999999        5.0835267749055751E-003
   2.0750000000000002        5.2595796502269802E-003
   2.1250000000000000        5.2941614650222563E-003
   2.1750000000000003        5.2092788287065785E-003
   2.2250000000000001        5.3413184851976324E-003
   2.2749999999999999        5.1778408152563281E-003
   2.3250000000000002        5.2375730408118050E-003
   2.3750000000000000        5.2281416367767298E-003
   2.4250000000000003        5.1872722192914033E-003
   2.4750000000000001        5.0332259533851734E-003
   2.5249999999999999        5.1338275964259768E-003
   2.5750000000000002        5.3759002999929084E-003
   2.6250000000000000        5.3444622865426580E-003
   2.6750000000000003        5.3130242730924067E-003
   2.7250000000000001        5.2438606435018546E-003
   2.7749999999999999        5.2375730408118050E-003
   2.8250000000000002        5.2910176636772315E-003
   2.8750000000000000        5.2470044448468802E-003
   2.9250000000000003        5.2784424582971307E-003
   2.9750000000000001        5.2973052663672811E-003
