   2.5000000000000001E-002   5.9417845420974254E-003
   7.5000000000000011E-002   5.3759002999929084E-003
  0.12500000000000000        4.6685449973622650E-003
  0.17500000000000002        5.3961104514966387E-003
  0.22500000000000001        4.2912888359592540E-003
  0.27499999999999997        5.0929581789406512E-003
  0.32499999999999996        5.6806071995876518E-003
  0.37500000000000000        4.9514871184145152E-003
  0.42499999999999999        5.4424749167110899E-003
  0.47499999999999998        5.7184091833719615E-003
  0.52500000000000002        5.3152698454817064E-003
  0.57499999999999996        5.1114109259658034E-003
  0.62500000000000000        5.2457469243088655E-003
  0.67499999999999993        4.8414540713386514E-003
  0.72499999999999998        5.3856569248567762E-003
  0.77500000000000002        5.6679695862403923E-003
  0.82499999999999996        5.5945373935333050E-003
  0.87500000000000000        5.1050842698428835E-003
  0.92499999999999993        5.6091363727522082E-003
  0.97499999999999998        5.6153128639602036E-003
   1.0250000000000001        5.2792859171945754E-003
   1.0750000000000002        5.6062020264307866E-003
   1.1250000000000000        5.5456655726242839E-003
   1.1750000000000000        4.9484770958501288E-003
   1.2250000000000001        5.2315420749662438E-003
   1.2750000000000001        4.8349815391577023E-003
   1.3250000000000002        4.9888568325157619E-003
   1.3750000000000000        5.1315411954477958E-003
   1.4250000000000000        4.9440412731236623E-003
   1.4750000000000001        5.4238565916966833E-003
   1.5250000000000001        5.1903644829094514E-003
   1.5750000000000002        5.4230573201682793E-003
   1.6250000000000000        5.3084294865112435E-003
   1.6750000000000000        5.0739546036460978E-003
   1.7250000000000001        5.1175618416408383E-003
   1.7750000000000001        5.2065335373911985E-003
   1.8250000000000002        5.2790023133311740E-003
   1.8750000000000000        4.9854401729408047E-003
   1.9250000000000000        5.0984700384416716E-003
   1.9750000000000001        5.3830633916651122E-003
   2.0249999999999999        5.1820325503830365E-003
   2.0750000000000002        5.3435153584266756E-003
   2.1250000000000000        5.1578684302408875E-003
   2.1750000000000003        5.2051593648751405E-003
   2.2250000000000001        5.0738834292068076E-003
   2.2749999999999999        5.1862358012655912E-003
   2.3250000000000002        5.3530823870047853E-003
   2.3750000000000000        5.1689058009073332E-003
   2.4250000000000003        5.4473650625266939E-003
   2.4750000000000001        5.2387162413009324E-003
   2.5249999999999999        5.0719476253971761E-003
   2.5750000000000002        5.2618993483067806E-003
   2.6250000000000000        5.2344292394667950E-003
   2.6750000000000003        5.1405559189307325E-003
   2.7250000000000001        5.4706469735562990E-003
   2.7749999999999999        5.1579583959391623E-003
   2.8250000000000002        5.2920192287074768E-003
   2.8750000000000000        4.9711700485746847E-003
   2.9250000000000003        5.3033510381846304E-003
   2.9750000000000001        5.2498840612049385E-003
   3.0249999999999999        5.3595317475353685E-003
   3.0750000000000002        5.0170468781704875E-003
   3.1250000000000000        5.1133300116564424E-003
   3.1750000000000003        5.4338254586334860E-003
   3.2250000000000001        5.1488885982184547E-003
   3.2749999999999999        5.3327030296032706E-003
   3.3250000000000002        5.3833461452837354E-003
   3.3750000000000000        5.1589780071862002E-003
   3.4250000000000003        5.3686718516448130E-003
   3.4750000000000001        5.4013447353393612E-003
   3.5249999999999999        5.1260684271489066E-003
   3.5750000000000002        5.2205789258488126E-003
   3.6250000000000000        5.1690598528788597E-003
   3.6750000000000003        5.3759002999928876E-003
   3.7250000000000001        5.5828848046553187E-003
   3.7749999999999999        5.2278709783827948E-003
   3.8250000000000002        5.3592566458133357E-003
   3.8750000000000000        5.1066489267335346E-003
   3.9250000000000003        4.9523882079719906E-003
   3.9750000000000001        5.1783746683149298E-003
   4.0249999999999995        5.1984024476557809E-003
   4.0749999999999993        5.2101274621985019E-003
   4.1250000000000000        5.0775249723377389E-003
   4.1749999999999998        5.3140596567689520E-003
   4.2249999999999996        5.2662393004134908E-003
   4.2749999999999995        5.2815862596421754E-003
   4.3249999999999993        5.2278872251072216E-003
   4.3750000000000000        5.4058113242183466E-003
   4.4249999999999998        5.2943746040965082E-003
   4.4749999999999996        5.1640888797638675E-003
