   5.0000000000000003E-002   1.6709995785104275E-002
  0.15000000000000002        1.6557207039736056E-002
  0.25000000000000000        1.6903528195904020E-002
  0.35000000000000003        1.6867877488651435E-002
  0.45000000000000001        1.7575798675524185E-002
  0.54999999999999993        1.6934085944977664E-002
  0.64999999999999991        1.7346615557471856E-002
  0.75000000000000000        1.7137804272135290E-002
  0.84999999999999998        1.6786390157788385E-002
  0.94999999999999996        1.6893342279546138E-002
   1.0500000000000000        1.7224384561177281E-002
   1.1499999999999999        1.6852598614114613E-002
   1.2500000000000000        1.6862784530472495E-002
   1.3499999999999999        1.6664159161493809E-002
   1.4500000000000000        1.6664159161493809E-002
   1.5500000000000000        1.6241443632641735E-002
   1.6499999999999999        1.6526649290662412E-002
   1.7500000000000000        1.6709995785104275E-002
   1.8499999999999999        1.7830446584471221E-002
   1.9500000000000000        1.7244756393893043E-002
   2.0500000000000003        1.6928992986798723E-002
   2.1500000000000004        1.7188733853924696E-002
   2.2500000000000000        1.7117432439419527E-002
   2.3500000000000001        1.7402638097440203E-002
   2.4500000000000002        1.6745646492356860E-002
   2.5500000000000003        1.6786390157788385E-002
   2.6500000000000004        1.7305871892040331E-002
   2.7500000000000000        1.7326243724756094E-002
   2.8500000000000001        1.6709995785104275E-002
   2.9500000000000002        1.7249849352071984E-002
