   2.5000000000000001E-002   658.14153862347496     
   7.5000000000000011E-002   1.4343794158127634E-002
  0.12500000000000000        1.4681295197142407E-002
  0.17500000000000002        1.4464330243490049E-002
  0.22500000000000001        1.3575041791482891E-002
  0.27499999999999997        1.4389817027084197E-002
  0.32499999999999996        1.4486583059249275E-002
  0.37500000000000000        1.4973796097621851E-002
  0.42499999999999999        1.4671368695994917E-002
  0.47499999999999998        1.5329652456302358E-002
  0.52500000000000002        1.6336657436119586E-002
  0.57499999999999996        1.6185375914490843E-002
  0.62500000000000000        1.6206799893489141E-002
  0.67499999999999993        1.5893798929899190E-002
  0.72499999999999998        1.6345524458491072E-002
  0.77500000000000002        1.6559325172305201E-002
  0.82499999999999996        1.7294371423453758E-002
  0.87500000000000000        1.7776661869249252E-002
  0.92499999999999993        1.8220495281945932E-002
  0.97499999999999998        1.8964962230791374E-002
   1.0250000000000001        2.0398233528746208E-002
   1.0750000000000002        2.0779860483525505E-002
   1.1250000000000000        2.0692563703149959E-002
   1.1750000000000000        2.0217748411618677E-002
   1.2250000000000001        2.0312052327643881E-002
   1.2750000000000001        2.0789402236566511E-002
   1.3250000000000002        2.0450652581055221E-002
   1.3750000000000000        2.0369721800173199E-002
   1.4250000000000000        2.0714866403388824E-002
   1.4750000000000001        2.0564681953526967E-002
