  0.16742166666666666        21.947147806368374     
  0.50226499999999996        1.1154355461518911E-002
  0.83710833333333323        1.5035598662955143E-002
   1.1719516666666667        1.8804342061451193E-002
   1.5067949999999999        1.8680592278216994E-002
   1.8416383333333333        2.0081214824822245E-002
   2.1764816666666662        1.9974340012029072E-002
   2.5113249999999998        1.9760590386442730E-002
   2.8461683333333330        1.9102466539242673E-002
   3.1810116666666661        1.8995591726449500E-002
   3.5158549999999993        1.7414969495139963E-002
   3.8506983333333329        1.7735593933519478E-002
   4.1855416666666665        1.8719967209246059E-002
   4.5203849999999992        2.0474964135112877E-002
   4.8552283333333328        2.0593088928200068E-002
   5.1900716666666664        2.1532462282750575E-002
   5.5249149999999991        2.1965586524070269E-002
   5.8597583333333327        2.2252461021567731E-002
   6.1946016666666655        2.1959961533923260E-002
   6.5294449999999991        2.0508714075994930E-002
   6.8642883333333327        2.0249964529232514E-002
   7.1991316666666654        2.2381835794948939E-002
   7.5339749999999990        2.3129959484501139E-002
   7.8688183333333326        2.3394334021410564E-002
   8.2036616666666671        2.2286210962449784E-002
   8.5385050000000007        2.1431212460104411E-002
   8.8733483333333343        1.9867465199235899E-002
   9.2081916666666661        1.5958097047064624E-002
   9.5430349999999997        1.0822481042845378E-002
   9.8778783333333333        8.5443600333067193E-003
