   9.7903333333333328E-002   1.5924402481028990     
  0.29370999999999997       0.94211370366466196     
  0.48951666666666660       0.63378895748306396     
  0.68532333333333328       0.51865022707985442     
  0.88113000000000008       0.56759360942575932     
   1.0769366666666667       0.73298635406621915     
   1.2727433333333333       0.77009467418297972     
   1.4685500000000000       0.71103748865836702     
   1.6643566666666669       0.66217285672653436     
   1.8601633333333336       0.65767283306526281     
   2.0559700000000003       0.68349734385138505     
   2.2517766666666663       0.69732929158021850     
   2.4475833333333332       0.69597928448183710     
   2.6433899999999997       0.68201233604316547     
   2.8391966666666666       0.68349171882180848     
   3.0350033333333331       0.68471235023992838     
   3.2308100000000000       0.69303739401328079     
   3.4266166666666669       0.70383182577075598     
   3.6224233333333333       0.70011368122063034     
   3.8182300000000002       0.67601605451452107     
   4.0140366666666667       0.65378593762783954     
   4.2098433333333345       0.66503037175144186     
   4.4056500000000005       0.71922753172188125     
   4.6014566666666665       0.77602908038628160     
   4.7972633333333334       0.74000639097780274     
   4.9930700000000003       0.56119795079717705     
   5.1888766666666664       0.52613714144629498     
   5.3846833333333333       0.63203957328474469     
   5.5804900000000002       0.93718055272599299     
   5.7762966666666671        1.6009115426452427     
