   2.5000000000000001E-002   494.33997784140104     
   7.5000000000000011E-002   1.6350721359325852E-002
  0.12500000000000003        1.5666272558237791E-002
  0.17500000000000002        1.6205864470206690E-002
  0.22500000000000001        1.6336638050661496E-002
  0.27500000000000002        1.6270062409702669E-002
  0.32499999999999996        1.6838220505399994E-002
  0.37500000000000000        1.7280219731173812E-002
  0.42500000000000004        1.7126131765787256E-002
  0.47499999999999998        1.7051180658685005E-002
  0.52500000000000002        1.6821506248963128E-002
  0.57500000000000007        1.6764035852736503E-002
  0.62500000000000011        1.7308949680849121E-002
  0.67499999999999993        1.7984385164392064E-002
  0.72499999999999998        1.7710003461103532E-002
  0.77500000000000002        1.7450582335984656E-002
  0.82500000000000007        1.8163627274665715E-002
  0.87500000000000011        1.8114353984351676E-002
  0.92499999999999993        1.8628791693277663E-002
  0.97499999999999998        1.9350466104835245E-002
   1.0250000000000001        2.0471634872651873E-002
   1.0750000000000002        2.0162057706469928E-002
   1.1250000000000002        2.0595430590764963E-002
   1.1750000000000003        2.0196363559292618E-002
   1.2250000000000001        2.0215296222612238E-002
   1.2750000000000004        2.0337126141262020E-002
