  0.12575166666666665        21.950263200044187     
  0.37725499999999995        1.2774414326708965E-002
  0.62875833333333331        1.4928795959086567E-002
  0.88026166666666650        1.7988805379487129E-002
   1.1317649999999999        1.9721310713096272E-002
   1.3832683333333333        1.9710060678462447E-002
   1.6347716666666665        1.7943805240951828E-002
   1.8862749999999997        1.8911308219460830E-002
   2.1377783333333338        1.8247556176065119E-002
   2.3892816666666667        1.9091308773602038E-002
   2.6407850000000002        1.9929436353822046E-002
   2.8922883333333336        1.9569435245539626E-002
   3.1437916666666665        1.9530060124321236E-002
   3.3952950000000000        1.9597560332124189E-002
   3.6467983333333334        1.9861936146019093E-002
   3.8983016666666663        2.0030686665526477E-002
   4.1498049999999989        1.9580685280173451E-002
   4.4013083333333336        1.8646932405565926E-002
   4.6528116666666666        1.9530060124321236E-002
   4.9043149999999995        1.9513185072370497E-002
   5.1558183333333334        1.9068808704334389E-002
   5.4073216666666664        2.1661941687431189E-002
   5.6588249999999993        2.3270696640068249E-002
   5.9103283333333332        2.2370693869362201E-002
   6.1618316666666662        2.2342568782777635E-002
   6.4133349999999991        2.2702569891060054E-002
   6.6648383333333321        2.0598813414534668E-002
   6.9163416666666659        1.6807551742935443E-002
   7.1678449999999998        1.3567541768393671E-002
   7.4193483333333328        1.2307537889405203E-002
