   2.5000000000000001E-002  0.44087181811843656     
   7.5000000000000011E-002  0.45062561940424273     
  0.12500000000000003       0.47832641505593204     
  0.17500000000000002       0.49273726940010409     
  0.22500000000000001       0.52017865178302836     
  0.27500000000000002       0.54867595313792161     
  0.32500000000000007       0.58584498423823805     
  0.37500000000000000       0.63326012970247092     
  0.42499999999999999       0.66540049869758189     
  0.47499999999999998       0.69278227425080041     
  0.52500000000000002       0.71076827295710732     
  0.57500000000000007       0.71228194085391061     
  0.62500000000000000       0.69006626839100582     
  0.67500000000000016       0.62994303448329536     
  0.72500000000000009       0.54117527655178432     
  0.77500000000000002       0.46428094120437197     
  0.82500000000000007       0.41435592869702298     
  0.87500000000000000       0.38210748770509467     
  0.92500000000000016       0.36309916594404407     
  0.97499999999999998       0.35738372528916168     
   1.0250000000000001       0.35962714702886017     
   1.0750000000000002       0.37254480187600625     
   1.1250000000000002       0.39239662990097834     
   1.1750000000000003       0.42416353345721830     
   1.2250000000000003       0.46343605410886513     
   1.2750000000000001       0.51773772228187642     
   1.3250000000000002       0.58533031825199178     
   1.3750000000000004       0.67300440686099339     
   1.4250000000000003       0.78414858360521422     
   1.4750000000000003       0.92146420102110282     
   1.5250000000000001        1.0845729568184388     
   1.5750000000000002        1.2941419236881722     
   1.6250000000000004        1.5446653257469438     
   1.6750000000000003        1.8555870962898759     
